history test
2 1 5
0 0 0;0 0 0;0 0 0;0 0 0;0 0 0
1 0 1;1 0 1;0 1 1;1 0 1;1 0 1
0 1 0;0 1 0;1 0 0;0 1 0;0 1 0
1396.6 0 52.2;14221.7 0 4.85;0 19461 279.3;85.3 0 0.3;317768 0 1303.5
89.3 0 0.19;34.5 0 0.07;0 73.4 1.3;0.15 0 0.0003;542.9 0 1.15
40.4 0 332.6;474.9 0 1.9;0 274.6 202.6;719.2 0 447.7;645 0 1193.5
60

[0.02157 0 0 0 0 0 0 0 0 0;0 0.86454 0 0 0 0 0 0 0 0;0 0 0.89987 0 0 0 0 0 0 0;0 0 0 0.90257 0 0 0 0 0 0;0 0 0 0 0.79748 0 0 0 0 0;0 0 0 0 0 0.80381 0 0 0 0;0 0 0 0 0 0 0.42064 0 0 0;0 0 0 0 0 0 0 0.75634 0 0;0 0 0 0 0 0 0 0 0.94176 0;0 0 0 0 0 0 0 0 0 0.94844]
[0.47819 0;0.43623 0;7.11789 0;0.11138 0;0 0.4195;0 0;0 0;0 0;0 0;0 0]
[0;0;0;0;0;6.73753;20.07071;3.27189;116.47093;1.82624]
[0.02291 0 0 0 0 0.15326 0 0 0 0;0 0.009 0 0 0 0 0.41237 0 0 0;0 0 0 0 0.00658 0 0 0.05729 0 0;0 0 0.09379 0 0 0 0 0 1.66667 0;0 0 0 0.00161 0 0 0 0 0 0.02455]
[0 0 0;0 0 0;0 0 0;0 0 0;0 0 0]

unisimtest
1 1 4
0.003 0;0.022 0;-2.54 0;0.00004 0
0.0099 0;0.0377 0;-1.42 0;0.00008 0
0.0334 1;0.241 1;0.518 1;0.2 1
0.653 1;1.07 1;1.35 1;1.15 1
1 1;1 1;1 1;1 1
0 0;0 0;0.417 0;0 0


[-2E-05 -0.00011 0 0 0 0 0 0;6E-05 0.00025 0 0 0 0 0 0;0 0 -0.00094 -0.00146 0 0 0 0;0 0 0.00141 0.00219 0 0 0 0;0 0 0 0 -0.00377 -0.00396 0 0;0 0 0 0 0.00205 0.00157 0 0;0 0 0 0 0 0 -0.00142 -0.00332;0 0 0 0 0 0 0.00266 0.00622]
[1E-05;0.06678;0.00035;0.24047;0.0041;1.03437;2E-05;0.00621]
[0;0;0;0;0;0;0;0]
[0.17964 0.1482 0 0 0 0 0 0;0 0 0.18257 0.15643 0 0 0 0;0 0 0 0 -2.45174 -1.37066 0 0;0 0 0 0 0 0 0.0128 0.0128]
[0 0;0 0;0 0;0 0]

虚拟PKStest
2 1 5
0 0 0;0 0 0;0 0 0;0 0 0;0 0 0;0 0 0
1 0 1;1 0 1;1 0 0;0 1 1;1 0 1;1 0 1
0 1 0;0 1 0;0 1 1;1 0 0;0 1 0;0 1 0
1396.6 0 52.2;14221.7 0 4.85;14221.7 0 0;0 19461 279.3;85.3 0 0.3;317768 0 1303.5
89.3 0 0.19;34.5 0 0.07;34.5 0 0;0 73.4 1.3;0.15 0 0.0003;542.9 0 1.15
40.4 0 332.6;474.9 0 1.9;474.9 0 1.0;0 274.6 202.6;719.2 0 447.7;645 0 1193.5
60

[0.02157 0 0 0 0 0 0 0 0 0 0;0 0.86454 0 0 0 0 0 0 0 0 0;0 0 0.86454 0 0 0 0 0 0 0 0;0 0 0 0.89987 0 0 0 0 0 0 0;0 0 0 0 0.90257 0 0 0 0 0 0;0 0 0 0 0 0.79748 0 0 0 0 0;0 0 0 0 0 0 0.80381 0 0 0 0;0 0 0 0 0 0 0 0.42064 0 0 0;0 0 0 0 0 0 0 0 0.75634 0 0;0 0 0 0 0 0 0 0 0 0.94176 0;0 0 0 0 0 0 0 0 0 0 0.94844]
[0.47819 0;0.43623 0;0.43623 0;7.11789 0;0.11138 0;0 0.4195;0 0;0 0;0 0;0 0;0 0]
[0;0;0;0;0;0;6.73753;20.07071;3.27189;116.47093;1.82624]
[0.02291 0 0 0 0 0 0.15326 0 0 0 0;0 0.009 0 0 0 0 0 0.41237 0 0 0;0 0 0.009 0 0 0 0 0 0 0 0;0 0 0 0 0 0.00658 0 0 0.05729 0 0;0 0 0 0.09379 0 0 0 0 0 1.66667 0;0 0 0 0 0.00161 0 0 0 0 0 0.02455]
[0 0 0;0 0 0;0 0 0;0 0 0;0 0 0;0 0 0]

阶跃测试模型
2 1 6
0.013 0 0;0 0 0;0 0 0;0 0 0;0 0 0;0 0 0
0.0054 0 0;0.0128 0 0;0.0165 0 0;0 -709 0;0.101 0 0;0.0275 0 0
1.09 1 1;0 1 1;0 1 1;1 0 1;0 1 1;0.00111 1 1
2.09 0 0;4.7 0 0;10.7 0 0;0 0.4 0;0.422 0 0;0.0667 0 0
1 0 0;1 0 0;1 0 0;0 1 0;1 0 0;1 0 0
0.25 0 0;1.17 0 0;0 0 0;0 0 0;0 0 0;0 0 0
5

[-0.03153 -0.03826 0 0 0 0 0 0;0.04171 0.04845 0 0 0 0 0 0;0 0 0.34513 0 0 0 0 0;0 0 0 0.6267 0 0 0 0;0 0 0 0 1E-05 0 0 0;0 0 0 0 0 0 0 0;0 0 0 0 0 0 0 0;0 0 0 0 0 0 0 0]
[0.00521 0;0.12965 0;0.19237 0;0.12482 0;0.211 0;0 0;0.03552 0;0 12.79995]
[0;0;0;0;0;0;0;0]
[0.09541 0.03963 0 0 0 0 0 0;0 0 0.04357 0 0 0 0 0;0 0 0 0.04935 0 0 0 0;0 0 0 0 0 0 0 -55.39062;0 0 0 0 0.47867 0 0 0;0 0 0 0 0 0 0.77421 0]
[0 0 0;0 0 0;0 0 0;0 0 0;0 0 0;0 0 0]

仿真
0.013  0;       0  0;               0  0;            0  0
0.0054  0;     0.0128  0;      0.101  0;     0.0275  0
1.09 1;          0 1;                0 1;             0.00111  1
2.09  0;         4.7  0;            0.422  0;     0.0667  0
1  0;              1  0;              1  0;             1  0
0.25  0;         1.17  0;          0  0;             0  0